  4500.001
  4952.765
  5427.227
  5923.387
  6441.247
  6980.805
  7542.061
  8125.017
  8729.670
  9356.023
 10004.074
 10673.824
 11365.273
 12078.420
 12813.266
 13569.810
 14348.054
 15147.995
 15969.636
 16812.975
 17678.013
 18564.749
 19473.185
 20403.318
 21355.151
 22328.682
 23323.912
 24340.840
 25379.467
 26439.793
 27521.817
 28625.540
 29750.962
 30898.082
 32066.901
 33257.419
 34469.635
 35703.550
 36959.164
 38236.476
 39535.487
 40856.197
 42198.605
 43562.712
 44948.518
 46356.022
 47785.225
 49236.127
 50708.727
 52203.026
 53719.023
 55256.719
 56816.114
 58397.208
 60000.000
 61998.145
 64029.018
 66092.621
 68188.952
 70318.012
 72479.801
 74674.318
 76901.565
 79161.540
 81454.244
 83779.676
 86137.838
 88528.728
 90952.347
 93408.695
 95897.771
 98419.577
100974.111
103561.374
106181.366
108834.086
111519.535
114237.713
116988.620
119772.256
122588.620
125437.713
128319.535
131234.086
134181.366
137161.374
140174.111
143219.577
146297.771
149408.695
152552.347
155728.728
158937.838
162179.676
165454.244
168761.540
172101.565
175474.318
178879.801
182318.012
185788.952
189292.621
192829.018
196398.145
200000.000
318127.043
463545.071
636254.086
836254.086
1063545.071
1318127.043
1600000.000
