  4500.001
  5494.000
  6587.107
  7779.323
  9070.647
 10461.079
 11950.619
 13539.268
 15227.026
 17013.891
 18899.865
 20884.948
 22969.138
 25152.437
 27434.845
 29816.361
 32296.985
 34876.717
 37555.558
 40333.508
 43210.565
 46186.731
 49262.006
 52436.388
 55709.879
 59082.479
 62554.187
 66125.003
 69794.927
 73563.960
 77432.101
 81399.351
 85465.709
 89631.175
 93895.750
 98259.433
102722.225
107284.124
111945.132
116705.249
121564.474
126522.807
131580.249
136736.799
141992.457
147347.224
152801.099
158354.082
164006.174
169757.374
175607.682
181557.099
187605.624
193753.258
200000.000
210010.773
220266.004
230765.694
241509.841
252498.447
263731.511
275209.034
286931.014
298897.453
311108.351
323563.706
336263.520
349207.792
362396.522
375829.710
389507.357
403429.462
417596.025
432007.046
446662.526
461562.464
476706.860
492095.714
507729.027
523606.798
539729.027
556095.714
572706.860
589562.464
606662.526
624007.046
641596.025
659429.462
677507.357
695829.710
714396.522
733207.792
752263.520
771563.706
791108.351
810897.453
830931.014
851209.034
871731.511
892498.447
913509.841
934765.694
956266.004
978010.773
1000000.000
1077121.077
1157106.557
1239956.440
1325670.725
1414249.414
1505692.505
1600000.000
