1996   0.01162   0.00020   0.05396   0.00950
1997   0.01640   0.03622   0.05873   0.04552
1998   0.03443   0.03487   0.07707   0.04417
1999   0.02525   0.01828   0.06788   0.02758
2000   0.00936   0.00114   0.05239   0.01044
2001   0.00560   0.01339   0.04863   0.02269
2002  -0.00329  -0.00845   0.04027   0.00085
2003   0.03140   0.03782   0.07497   0.04712
2004   0.04083   0.03001   0.08513   0.03931
2005  -0.00530   0.02968   0.03900   0.03898
2006   0.00000   0.01377   0.04317   0.02307
2007   0.00000  -0.03779   0.04317  -0.02849
2008   0.00000  -0.05926   0.04317  -0.04996